00 0000000000000000
01 0000000000000000
00 0000000000000000
01 0000000000000000
00 0000000000000000
01 0000000000000000
00 0000000000000000
01 0000000000000000
00 0000000000000000
01 0000000000000000
00 0000000000000011
01 0000000000000011
00 0000000000000011
01 0000000000000011
00 0000000000000100
01 0000000000000100
00 0000000000001000
01 0000000000001000
00 0000000000000010
01 0000000000000010
00 0000000000001011
01 0000000000001011
00 0000000000000011
01 0000000000000011
00 0000000000001011
01 0000000000001011
00 0000000000001010
01 0000000000001010
00 0000000000001000
01 0000000000001000
00 1111111111111100
01 1111111111111100
00 0000000000000100
01 0000000000000100
00 0000000000001100
01 0000000000001100
00 0000000000000110
01 0000000000000110
00 0000000000000110
01 0000000000000110
00 0000000000001100
01 0000000000001100
00 0000000000001100
01 0000000000001100
00 0000000000000110
01 0000000000000110
00 0000000000000110
01 0000000000000110
00 0000000000000110
01 0000000000000110
00 0000000000000110
01 0000000000000110
00 0000000000000110
01 0000000000000110
00 0000000000000110
01 0000000000000110
00 0000000000000110
01 0000000000000110
00 0000000000000110
01 0000000000000110
00 0000000000000110
01 0000000000000110
00 0000000000000110
01 0000000000000110
00 0000000000000110
01 0000000000000110
00 0000000000000110
01 0000000000000110
00 0000000000000110
01 0000000000000110
00 0000000000000110
01 0000000000000110
00 0000000000000110
01 0000000000000110
00 0000000000000110
01 0000000000000110
00 0000000000000110
01 0000000000000110
00 0000000000000110
01 0000000000000110
00 0000000000000110
01 0000000000000110
00 0000000000000110
01 0000000000000110
00 0000000000000110
01 0000000000000110
00 0000000000000110
01 0000000000000110
00 0000000000000110
01 0000000000000110
00 0000000000000110
01 0000000000000110
